.Random.seed <-
c(10403L, 10L, 452519921L, 344260896L, -115056706L, -1717178423L, 
908222331L, 16278858L, 501510572L, -886051665L, -1822362011L, 
-2057040356L, 802168946L, -1108478227L, -1310180569L, 1556854606L, 
1467154344L, -1221760085L, -336140087L, 330150104L, 1703193990L, 
-1036762015L, -977926669L, -1828993950L, -920403244L, 202130391L, 
-939796019L, -366752412L, -760420022L, 1334964405L, 260904975L, 
-237768426L, -476771392L, -1994553469L, 1092068769L, -284677744L, 
5771886L, 2129822745L, -166266709L, -1804825446L, 596315228L, 
-466151073L, -118756555L, -1296617780L, 939088930L, 385965693L, 
269116279L, 2129054L, -1031500968L, -698274117L, 2022854745L, 
2051986408L, 1586984470L, 1690917265L, 1345337923L, -604309166L, 
1738501604L, -1486162905L, -1402593155L, -1732711052L, 717947226L, 
1696999333L, 1160808383L, -907658170L, -2140607792L, -2005281549L, 
1985098257L, 574424128L, -434345954L, -477309207L, -258128869L, 
1305054250L, 1458466636L, -980814577L, 1276999749L, 821338620L, 
1274343506L, 1773304269L, 1172917127L, 1138474606L, 1243213384L, 
2086357067L, -527285847L, 254541048L, -191092698L, -1234511551L, 
-1715046701L, 102882946L, -500726604L, 260365367L, -1654038739L, 
-250782652L, 2130608490L, 2017508821L, 1586617199L, -181443978L, 
-620366432L, 684114531L, 81388289L, 1362262640L, -419146226L, 
-155812231L, 245443083L, 213214010L, -782206404L, 501479807L, 
-302329131L, 11223788L, 42669122L, -324645987L, -677125609L, 
-1649739906L, 2072302904L, 1306771995L, 1228188537L, -1129157176L, 
-236686858L, 735593521L, 1786533475L, 1986415154L, 1103361924L, 
-1179523641L, 2025483421L, 1507601428L, 575212218L, -1915270395L, 
-1911926561L, -263607962L, 1827871984L, -1614165997L, -172974671L, 
303806560L, 76846590L, -177397367L, -926492997L, -1420389750L, 
1189506412L, -392086801L, -793656027L, 351908828L, -1323515470L, 
-1542070099L, 152383591L, 551819150L, 2137661544L, 386362475L, 
839628297L, 192387224L, -2073066554L, -1437427935L, 1375204275L, 
-687899870L, 493071636L, -896950889L, -963099251L, 1382204580L, 
-1378048374L, -539796235L, 1138344783L, 1798577238L, 559914752L, 
305707587L, 914121185L, -1145608880L, -1202652242L, -852952743L, 
-629487765L, -1364617510L, 2013443996L, 1581091743L, -1276562955L, 
1888027788L, -2019480222L, 811622717L, 1434765751L, -1775522210L, 
1928521624L, 331024123L, -1941672295L, 645781288L, 1978936790L, 
-1928736175L, 1522354435L, 1295852690L, -586499548L, 1744561383L, 
428144957L, 1174769076L, -2045046246L, -424707739L, -1347680257L, 
-1036976506L, 665298448L, -1169548109L, 37828433L, -1080083712L, 
1424433630L, 728885801L, 2044013019L, 1983518442L, 843977868L, 
1795759055L, -1383287931L, 488644668L, 932229394L, -1436150259L, 
-960305849L, 1896967982L, -1846189432L, -1555840117L, 967562089L, 
-1008136904L, -212664346L, 97630081L, 1766297363L, 423557314L, 
49484660L, -1041170569L, -456267667L, -1313437948L, -1619962326L, 
-747316331L, -905109457L, 612505910L, 6781280L, -897828957L, 
1035116737L, 1360621744L, 918372302L, 453569314L, -2025960952L, 
-2000189172L, 1554426268L, 830581266L, -1093005440L, 2040351508L, 
1172308264L, -1797568454L, 604896208L, 1957293676L, 452645428L, 
-600021358L, -599442080L, 723388748L, 210408416L, -1638415966L, 
-2143905368L, 892065420L, 468975036L, -134753678L, 635399152L, 
-1625669052L, -1389907880L, -972839878L, 1131549808L, -110599108L, 
-1013775084L, 733121218L, 2096281312L, -1648063364L, 1124010704L, 
153635234L, 1882176552L, 2119608076L, -1046147652L, -5224654L, 
2092895936L, 588689460L, 7769800L, -1993324358L, 469803664L, 
557907692L, -1934607788L, 1671229074L, -1686008544L, -105364020L, 
464219872L, 1313309890L, -1159431128L, 1058042796L, -941232452L, 
2063865842L, 775543344L, 1859912612L, 2075839928L, -1694986406L, 
984506512L, 2001047420L, -1968483052L, 1935296834L, 1609110784L, 
-988503620L, 1857652048L, 1587433762L, -1797410232L, -1914600436L, 
836801116L, -2076777006L, -1833828864L, 868645204L, 1020374248L, 
1774606586L, -132252976L, 1026309932L, -1927330572L, 373595538L, 
-151293600L, 547655692L, -231184160L, -1484827038L, -1392570200L, 
-1692090292L, 1814763388L, -974590670L, -1808322960L, -762398908L, 
-1784828968L, -18667654L, 508568624L, 1483958204L, -629622188L, 
136378434L, 568895136L, -687336772L, -1288433712L, 1555599714L, 
-1560253720L, -547803956L, 1936189948L, 1184870898L, -1313187712L, 
-1763426828L, -2135823736L, -671291590L, -1543069360L, 1418215532L, 
363873684L, -1870277550L, 1681764832L, 1314902220L, -783394144L, 
428235138L, 1294241000L, -753577236L, -299132612L, 1304523890L, 
-1607541136L, 487925284L, 1928570936L, 1253946650L, -1895264048L, 
161979708L, 2006507412L, -1894457470L, 1801232320L, 1526810172L, 
817523088L, -2072280030L, -2104362744L, 1900934284L, 638731036L, 
-2127726446L, 635808128L, 1442331668L, 1531698984L, -99015110L, 
-1844153904L, -1787170452L, 75249588L, 1142857234L, -2126052384L, 
1122715084L, -1234934560L, 754503714L, -650324184L, -55298548L, 
380629820L, 664548338L, 45779696L, 157018692L, 125896280L, -134572230L, 
-387484688L, -989854020L, 199157012L, 879153346L, -1716421536L, 
71973244L, -109668400L, 61421858L, 1755524776L, -1253221492L, 
1977400508L, -549183694L, 185197120L, 1365279924L, -1806252984L, 
-1444537926L, -486539760L, -276084500L, -1614718636L, 2146367250L, 
1438946720L, 711883468L, -1945569696L, -365027390L, -967048408L, 
1892715948L, 1324732732L, 746274674L, -1286340304L, -835506396L, 
-664926920L, 1331927770L, -1538685040L, -1465969924L, 1258401684L, 
-315447230L, 209984768L, 46427196L, 1864076624L, 151853218L, 
1022572360L, 1748047628L, -44184868L, 1913729874L, -723938688L, 
1408628820L, -1990587416L, -1123436806L, -983348912L, 1257128748L, 
1348306804L, -1399913582L, -738822560L, -2048012404L, 2143597408L, 
2025834466L, 743129000L, -1037755188L, -898822660L, 874433458L, 
-1917883920L, 1320528324L, 2117476696L, -651401862L, 1717637552L, 
-77467716L, 2115719252L, -1513864254L, -1613781984L, 1085258940L, 
198842960L, 1128873954L, -1649936792L, 789715532L, -643106585L, 
-231129423L, 491906294L, 355587860L, -154394587L, -2104724177L, 
-1866474776L, 326031302L, 636078707L, 969891029L, -1279172942L, 
672876160L, 1121054313L, -1295420709L, -1003098580L, 1896607290L, 
380676335L, -460934279L, -1842577394L, 2084062684L, 1075897933L, 
1111631287L, 36354880L, -1417053666L, 1535679723L, 1345922157L, 
346346714L, -157049704L, -1678169343L, 2136805555L, 27352020L, 
1286301410L, -9709705L, 784030401L, -729699770L, -1513757308L, 
321141557L, 1299220767L, -1897193352L, 2079366486L, 482493411L, 
131390885L, -358825918L, -514626000L, -467405223L, -1892765749L, 
2002718780L, 625352298L, -198503265L, -139242199L, -486989378L, 
-1009688404L, -1253034499L, 1432321351L, -654797264L, 305200974L, 
2026337147L, 1033794781L, -392686326L, -64221144L, -465533807L, 
769478787L, 1023033732L, 902533042L, -933965561L, -14302383L, 
1344332502L, 442809268L, 1709179845L, -108145905L, -263843448L, 
910230694L, -964799405L, -1181575755L, -741483758L, -1189697312L, 
-699450039L, -1984692357L, -742389172L, -748694566L, 29047247L, 
-1322963047L, 2114414510L, 432417980L, 1780598061L, -759253289L, 
1511046944L, -531408770L, 1800740427L, 903099469L, -1620092294L, 
-1262456136L, -1003444127L, 1757272595L, 58478644L, -1535111614L, 
-444888489L, -1514243679L, 640203366L, 1024109156L, -1038952043L, 
-112053569L, 372099672L, -143950218L, 644637315L, -1778788667L, 
-1212505118L, 1072766544L, 1246628729L, 68755627L, -22853604L, 
-137230518L, -1184301249L, 1877074313L, 1176134046L, -1454745524L, 
-1253879267L, -595787865L, -1622568240L, 1482335342L, -656393445L, 
-379865987L, -558822806L, 170523400L, 474895281L, 1183044643L, 
-595280604L, 1601976786L, 961587751L, -1663028111L, -1639126346L, 
345667156L, 1328192229L, 1959106287L, -1786060248L, 381945478L, 
553431219L, -1004214763L, 403884146L, 1862898880L, -186455767L, 
-834130021L, -620746644L, -1873593222L, -1214536273L, -1214749511L, 
254783182L, 777120796L, -1800990835L, 884394487L, -99394304L, 
